ch3_iscsi_R2_ssd1_seq_1m	IOPs	217	217	217	217	217	217	217	217	217	217	
mh_iscsi_N2_ssd2_rand_4k	IOPs	6440	6451	6241	6259	6513	6334	6444	6315	6314	6323	
mh_iscsi_N2_ssd1_seq_1m	IOPs	216	216	216	216	216	216	216	216	216	216	
mh_iscsi_NR_ssd2_seq_1m	IOPs	221	221	221	221	221	221	221	221	221	221	
mh_iscsi_N2_ssd1_rand_4k	IOPs	6401	6450	6200	6257	6482	6317	6441	6272	6298	6322	
ch2_iscsi_R2_ssd2_rand_4k	IOPs	3641	3657	3656	3648	3643	3637	3657	3639	3634	3729	
ch3_iscsi_NR_ssd1_rand_4k	IOPs	3109	3161	3096	3116	3097	3109	3123	3096	3105	3107	
ch3_iscsi_R2_ssd1_rand_512	IOPs	4085	3968	4192	4207	3963	3970	4218	4194	3983	4212	
ch2_iscsi_R2_ssd2_seq_1m	IOPs	216	215	215	215	215	215	216	215	215	215	
mh_iscsi_NR_ssd2_rand_512	IOPs	7280	7289	7206	7313	7262	7354	7287	7246	7192	7366	
mh_iscsi_N2_ssd2_seq_1m	IOPs	216	216	216	216	216	216	216	216	216	216	
mh_iscsi_N2_ssd1_rand_512	IOPs	6509	6548	6482	6499	6449	6488	6570	6483	6513	6536	
ch3_iscsi_NR_ssd1_rand_512	IOPs	3693	3736	3743	3596	3681	3539	3659	3737	3803	3466	
mh_iscsi_NR_ssd2_rand_4k	IOPs	6852	6893	6851	6880	6850	6871	6894	6868	6823	7052	
ch3_iscsi_R2_ssd1_rand_4k	IOPs	3339	3384	3396	3353	3351	3313	3364	3360	3325	3340	
mh_iscsi_N2_ssd2_rand_512	IOPs	6482	6544	6467	6472	6429	6510	6537	6465	6552	6456	
ch3_iscsi_NR_ssd1_seq_1m	IOPs	216	216	216	216	216	216	216	216	216	216	
ch2_iscsi_R2_ssd2_rand_512	IOPs	4562	4493	4552	4594	4475	4496	4565	4590	4468	4566	
